Via(666 1450 60 20 30 28 "" 0x00000082)

Element(0x00000000 "2mm header" "JTAG" "3M151208-8321-TB" 666 1569 0 -110 0 120 0x00000000)
(
	Pin(0 0 60 30 60 28 "" "1" 0x00000001)
	Pin(79 0 60 30 60 28 "" "2" 0x00000001)
	Pin(0 79 60 30 60 28 "" "3" 0x00000001)
	Pin(79 79 60 30 60 28 "" "4" 0x00000001)
	Pin(0 157 60 30 60 28 "" "5" 0x00000001)
	Pin(79 157 60 30 60 28 "" "6" 0x00000001)
	Pin(0 236 60 30 60 28 "" "7" 0x00000001)
	Pin(79 236 60 30 60 28 "" "8" 0x00000001)
	ElementLine (-45 -45 -45 281 15)
	ElementLine (-45 281 124 281 15)
	ElementLine (124 281 124 -45 15)
	ElementLine (124 -45 -45 -45 15)
	ElementLine (-80 -5 -64 -5 15)
	ElementLine (-64 -5 -64 3 15)
	ElementLine (-64 3 -80 3 15)
	ElementLine (-80 3 -80 -5 15)
	)

Element(0x00000000 "MSP430F1121" "U2" "" 901 1884 499 -84 0 120 0x00000000)
(
	Pad(5 -370 5 -420 20 30 50 "P1.7/TA2/TDO/TDI" "20" 0x00000000)
	Pad(55 -370 55 -420 20 30 50 "P1.6/TA1/TDI" "19" 0x00000000)
	Pad(105 -370 105 -420 20 30 50 "P1.5/TA0/TMS" "18" 0x00000000)
	Pad(155 -370 155 -420 20 30 50 "P1.4/SMCLK/TCK" "17" 0x00000000)
	Pad(205 -370 205 -420 20 30 50 "P1.3/TA2" "16" 0x00000000)
	Pad(255 -370 255 -420 20 30 50 "P1.2/TA1" "15" 0x00000000)
	Pad(305 -370 305 -420 20 30 50 "P1.1/TA0" "14" 0x00000000)
	Pad(355 -370 355 -420 20 30 50 "P1.0/TACLK" "13" 0x00000000)
	Pad(405 -370 405 -420 20 30 50 "P2.4/CA1/TA2" "12" 0x00000000)
	Pad(455 -370 455 -420 20 30 50 "P2.3/CA0/TA1" "11" 0x00000000)
	Pad(455 10 455 -40 20 30 50 "P2.2/CAOUT/TA0" "10" 0x00000000)
	Pad(405 10 405 -40 20 30 50 "P2.2/INCLK" "9" 0x00000000)
	Pad(355 10 355 -40 20 30 50 "P2.0/ACLK" "8" 0x00000000)
	Pad(305 10 305 -40 20 30 50 "~RTS/NMI" "7" 0x00000000)
	Pad(255 10 255 -40 20 30 50 "XIN" "6" 0x00000000)
	Pad(205 10 205 -40 20 30 50 "XOUT" "5" 0x00000000)
	Pad(155 10 155 -40 20 30 50 "VSS" "4" 0x00000000)
	Pad(105 10 105 -40 20 30 50 "P2.5/ROSC" "3" 0x00000000)
	Pad(55 10 55 -40 20 30 50 "VCC" "2" 0x00000000)
	Pad(5 10 5 -40 20 30 50 "TEST" "1" 0x00000000)
	ElementLine (-25 -190 -25 -80 15)
	ElementLine (-25 -330 -25 -230 15)
	ElementLine (485 -330 -25 -330 15)
	ElementLine (485 -80 485 -330 15)
	ElementLine (-25 -80 485 -80 15)
	ElementArc (-25 -210 20 20 90 90 15)
	ElementArc (-25 -210 20 20 180 90 15)
	)
Layer(1 "")
(
	Line(1047 1681 1062 1681 18 20 0x00000080)
	Line(1272 1681 1310 1681 18 20 0x00000080)
	Line(1209 1681 1272 1681 18 20 0x00000080)
	Line(1188 1681 1209 1681 18 20 0x00000080)
	Line(1150 1681 1188 1681 18 20 0x00000080)
	Line(1003 1681 1041 1681 18 20 0x00000080)
	Line(1041 1681 1047 1681 18 20 0x00000080)
	Line(1062 1681 1150 1681 18 20 0x00000080)
	Line(666 1450 666 1510 18 20 0x00000080)
	Line(666 1538 666 1551 18 20 0x00000080)
	Line(666 1510 666 1538 18 20 0x00000080)
)
Layer(2 "")
(
	Line(804 1726 842 1726 18 20 0x00000080)
	Line(804 1510 842 1510 18 20 0x00000080)
	Line(842 1510 896 1510 18 20 0x00000080)
	Line(607 1648 635 1648 18 20 0x00000080)
	Line(763 1510 804 1510 18 20 0x00000080)
	Line(775 1569 804 1569 18 20 0x00000080)
	Line(607 1510 607 1648 18 20 0x00000080)
	Line(607 1510 725 1510 18 20 0x00000080)
	Line(666 1425 938 1425 18 20 0x00000080)
	Line(804 1569 842 1569 18 20 0x00000080)
	Line(995 1523 996 1523 18 20 0x00000080)
	Line(946 1425 946 1454 18 20 0x00000080)
	Line(995 1523 995 1569 18 20 0x00000080)
	Line(842 1569 995 1569 18 20 0x00000080)
	Line(1117 1688 1188 1688 18 20 0x00000080)
	Line(1115 1688 1117 1688 18 20 0x00000080)
	Line(1115 1523 1115 1688 18 20 0x00000080)
	Line(762 1648 775 1648 18 20 0x00000080)
	Line(775 1648 804 1648 18 20 0x00000080)
	Line(804 1648 842 1648 18 20 0x00000080)
	Line(842 1648 1033 1648 18 20 0x00000080)
	Line(1033 1648 1034 1648 18 20 0x00000080)
	Line(1034 1648 1045 1648 18 20 0x00000080)
	Line(1045 1523 1045 1648 18 20 0x00000080)
	Line(1045 1523 1046 1523 18 20 0x00000080)
	Line(1217 1800 1272 1800 18 20 0x00000080)
	Line(1217 1800 1217 1834 18 20 0x00000080)
	Line(1215 1834 1217 1834 18 20 0x00000080)
	Line(762 1726 775 1726 18 20 0x00000080)
	Line(775 1726 804 1726 18 20 0x00000080)
	Line(842 1726 1134 1726 18 20 0x00000080)
	Line(725 1510 763 1510 18 20 0x00000080)
	Line(1134 1726 1172 1726 18 20 0x00000080)
	Line(1172 1726 1226 1726 18 20 0x00000080)
	Line(1226 1726 1226 1791 18 20 0x00000080)
	Line(1165 1869 1166 1869 18 20 0x00000080)
	Line(1115 1869 1116 1869 18 20 0x00000080)
	Line(762 1805 775 1805 18 20 0x00000080)
	Line(775 1805 804 1805 18 20 0x00000080)
	Line(804 1805 842 1805 18 20 0x00000080)
	Line(842 1805 1095 1805 18 20 0x00000080)
	Line(1095 1805 1096 1805 18 20 0x00000080)
	Line(1096 1805 1096 1834 18 20 0x00000080)
	Line(1045 1869 1046 1869 18 20 0x00000080)
)
