
Element(0x00000000 "CTX169" "X1" "20 MHz" 2330 910 425 -215 0 150 0x00000000)
(
	Pin(0 -60 60 30 90 28 "NC" "1" 0x00000101)
	Pin(300 -60 60 30 90 28 "GND" "2" 0x00000001)
	Pin(300 -360 60 30 90 28 "OUT" "3" 0x00000001)
	Pin(0 -360 60 30 90 28 "Vdd" "4" 0x00000001)
	ElementLine (-110 50 -110 -410 10)
	ElementLine (-60 -460 350 -460 10)
	ElementLine (400 -410 400 0 10)
	ElementLine (350 50 -110 50 10)
	ElementArc (-60 -410 50 50 270 90 10)
	ElementArc (350 -410 50 50 180 90 10)
	ElementArc (350 0 50 50 90 90 10)
	)
